1.370769 1.162218 1.484784 -0.183787 -0.283619 -0.614763 -0.465801 -0.313968 0.988642 -1.826536 0.838122 1.212472 -1.095145 1.685313 0.863446 -2.063600 0.612957 0.395503 -0.995790 -0.579729 -0.833650 -0.074254 0.323301 0.465016 -0.632958 1.276745 0.018725 0.154055 -0.870528 -0.481802 -1.746782 -1.361334 1.937106 -0.298037 -0.132482 -0.979584 -1.107288 0.695906 -0.402830 0.300763 0.204188 1.213380 0.523302 -0.123034 -0.206490 -0.916861 -0.469579 0.138101 -1.961705 -1.066295 0.136632 -1.128568 0.689634 -0.389131 -0.015550 1.315810 -1.568263 0.367502 -1.196156 -0.516807 -0.373050 1.156914 0.722531 -1.918660
1.162218 2.028313 1.864599 -0.252853 -0.346030 -0.797822 -0.421551 -0.459339 1.327789 -2.312191 1.064092 1.543049 -1.466727 2.235805 1.165511 -2.733312 0.645789 0.481868 -1.320895 -0.615650 -1.020650 -0.025185 0.322404 0.586404 -0.740779 1.553135 -0.039349 0.210741 -1.036088 -0.615182 -2.230685 -1.762096 2.435446 -0.350824 -0.191279 -1.277660 -1.428260 0.815967 -0.525309 0.472511 0.226911 1.349449 0.733516 -0.212009 -0.364945 -1.215794 -0.637180 0.224282 -2.456194 -1.376744 0.093553 -1.427680 0.811705 -0.502600 0.125914 1.706774 -1.898577 0.484856 -1.520724 -0.630085 -0.496061 1.452457 0.919797 -2.385413
1.484784 1.864599 2.850296 -0.272944 -0.534368 -0.912610 -0.593924 -0.562861 1.520019 -2.945599 1.385488 1.846520 -1.878863 2.818561 1.322727 -3.296450 0.864651 0.543542 -1.701441 -0.762296 -1.363876 -0.063356 0.395992 0.698849 -1.046419 1.938888 -0.007575 0.234587 -1.341335 -0.848630 -2.703596 -2.110321 3.013899 -0.431962 -0.304860 -1.541029 -1.802176 1.069477 -0.583015 0.625493 0.248663 1.803145 0.843281 -0.288747 -0.288195 -1.427182 -0.682541 0.313862 -3.016815 -1.655466 0.154125 -1.828990 1.116161 -0.647077 0.033435 2.055570 -2.315140 0.510791 -1.854347 -0.790835 -0.545461 1.755526 1.119216 -2.916733
-0.183787 -0.252853 -0.272944 0.726506 0.056147 0.070698 0.070914 0.066972 -0.181967 0.382155 -0.265680 -0.219063 0.242068 -0.340879 -0.171390 0.411153 -0.083722 -0.103820 0.210381 0.084259 0.129863 0.003614 -0.001394 -0.115167 0.068172 -0.270916 -0.012323 -0.038174 0.209985 0.080760 0.310331 0.255062 -0.376149 0.110639 0.002337 0.198527 0.258829 -0.075625 0.035747 -0.075888 -0.030542 -0.211822 -0.159232 0.063442 -0.004294 0.181112 0.127779 -0.018251 0.427822 0.294092 -0.019663 0.186572 -0.132609 0.070949 0.029130 -0.285501 0.304017 -0.092062 0.261957 0.110596 0.112345 -0.190379 -0.110464 0.385680
-0.283619 -0.346030 -0.534368 0.056147 0.635785 0.230671 0.106254 0.059350 -0.314839 0.551688 -0.175861 -0.334167 0.376126 -0.527485 -0.219185 0.607315 -0.233238 -0.122339 0.308772 0.162364 0.271145 -0.005748 -0.123148 -0.143106 0.159273 -0.389403 0.015936 -0.078051 0.296913 0.152749 0.486601 0.451388 -0.536404 0.079483 0.018904 0.289499 0.326257 -0.172916 0.038045 -0.130841 -0.069510 -0.387441 -0.145926 0.059600 0.134934 0.296966 0.168027 -0.027189 0.554138 0.300229 -0.006856 0.279023 -0.184527 0.127949 -0.005119 -0.374047 0.484385 -0.086263 0.390039 0.202319 0.129353 -0.343925 -0.170658 0.568112
-0.614763 -0.797822 -0.912610 0.070698 0.230671 0.950312 0.238348 0.218808 -0.567049 1.208928 -0.544963 -0.875120 0.819297 -1.137453 -0.607781 1.400176 -0.346345 -0.240973 0.711955 0.309077 0.530379 -0.030202 -0.213123 -0.379486 0.387106 -0.812237 -0.001250 -0.026774 0.629384 0.369502 1.129752 0.851651 -1.278658 0.121659 0.152230 0.712538 0.786758 -0.460313 0.283268 -0.283122 -0.039964 -0.761075 -0.349533 0.091672 0.206039 0.653538 0.359841 -0.115716 1.295725 0.699503 -0.077288 0.763774 -0.458299 0.258098 -0.013523 -0.895286 0.926400 -0.206496 0.808159 0.318864 0.295153 -0.762104 -0.461074 1.226594
-0.465801 -0.421551 -0.593924 0.070914 0.106254 0.238348 0.766111 0.089660 -0.470173 0.745184 -0.377642 -0.494338 0.487423 -0.817071 -0.268657 0.832632 -0.185448 -0.175776 0.421335 0.187674 0.322662 0.035601 -0.135079 -0.191825 0.278129 -0.502642 0.018046 -0.016225 0.375519 0.229872 0.763242 0.599128 -0.736195 0.079313 0.074065 0.478385 0.485693 -0.227922 0.190858 -0.146767 -0.069943 -0.428422 -0.270579 0.051262 0.099386 0.366041 0.167528 -0.073655 0.818712 0.421460 -0.037375 0.452557 -0.273482 0.149018 -0.007797 -0.551665 0.619137 -0.141465 0.492766 0.240387 0.211325 -0.501848 -0.297559 0.738882
-0.313968 -0.459339 -0.562861 0.066972 0.059350 0.218808 0.089660 0.644923 -0.357602 0.636283 -0.319518 -0.364960 0.412942 -0.597934 -0.306230 0.742550 -0.220058 -0.096299 0.434940 0.201894 0.345603 -0.024425 -0.127385 -0.152630 0.141662 -0.437284 0.014439 -0.069139 0.330227 0.143527 0.661500 0.515837 -0.740515 0.138033 0.023425 0.324645 0.500937 -0.265019 0.181372 -0.128575 -0.051967 -0.378871 -0.223082 -0.036047 0.083723 0.342169 0.235940 -0.085037 0.731494 0.451212 -0.087227 0.425021 -0.174619 0.179504 0.023925 -0.433441 0.536476 -0.168349 0.536871 0.147024 0.120894 -0.431175 -0.256854 0.691943
0.988642 1.327789 1.520019 -0.181967 -0.314839 -0.567049 -0.470173 -0.357602 1.590780 -1.917001 0.963885 1.330900 -1.286686 1.901213 0.936760 -2.197301 0.583784 0.376315 -1.074625 -0.542860 -0.882943 0.002938 0.252675 0.496289 -0.605842 1.282830 -0.021588 0.182723 -0.902866 -0.578248 -1.816056 -1.456971 1.999821 -0.342398 -0.189374 -1.063176 -1.296141 0.746660 -0.391661 0.413578 0.184294 1.240810 0.546475 -0.120263 -0.319303 -0.932619 -0.556995 0.237666 -2.107717 -1.115594 0.176516 -1.237996 0.709443 -0.502196 0.014051 1.420768 -1.583484 0.379507 -1.357049 -0.486066 -0.471018 1.169269 0.750485 -2.014403
-1.826536 -2.312191 -2.945599 0.382155 0.551688 1.208928 0.745184 0.636283 -1.917001 4.262264 -1.652985 -2.356297 2.352449 -3.521370 -1.685666 4.123052 -1.016973 -0.707664 2.098817 0.964911 1.689903 0.019700 -0.505432 -0.862144 1.105506 -2.468509 0.031856 -0.273142 1.667431 1.070990 3.398580 2.717450 -3.820458 0.592297 0.415636 1.916949 2.221207 -1.249509 0.771746 -0.792544 -0.295011 -2.276753 -1.063904 0.236174 0.453680 1.841164 0.948467 -0.412930 3.890257 2.083229 -0.189831 2.224930 -1.338672 0.810340 -0.114504 -2.547904 2.954580 -0.743500 2.434768 0.992949 0.760489 -2.266251 -1.451834 3.786546
0.838122 1.064092 1.385488 -0.265680 -0.175861 -0.544963 -0.377642 -0.319518 0.963885 -1.652985 1.364878 1.103239 -1.092957 1.617973 0.862249 -1.891890 0.481072 0.326915 -1.004613 -0.429400 -0.811185 -0.028813 0.217193 0.393090 -0.575061 1.227183 -0.004692 0.112906 -0.778807 -0.485843 -1.567132 -1.186001 1.756193 -0.203843 -0.166303 -0.942113 -1.089804 0.575893 -0.374628 0.368118 0.107400 1.058020 0.417042 -0.146439 -0.253140 -0.865815 -0.458975 0.186863 -1.779190 -0.991034 0.136238 -1.094473 0.646034 -0.310438 0.028308 1.232288 -1.391789 0.278338 -1.155022 -0.423834 -0.364026 1.110077 0.697601 -1.733527
1.212472 1.543049 1.846520 -0.219063 -0.334167 -0.875120 -0.494338 -0.364960 1.330900 -2.356297 1.103239 2.118916 -1.460565 2.247224 1.086344 -2.671796 0.681494 0.449241 -1.368212 -0.667934 -1.136275 -0.071297 0.394782 0.547799 -0.740961 1.554375 -0.043325 0.111382 -1.151026 -0.664004 -2.138112 -1.729271 2.432144 -0.324289 -0.230229 -1.243797 -1.455646 0.835868 -0.448442 0.447020 0.236384 1.527748 0.671431 -0.124450 -0.240869 -1.153646 -0.613792 0.287902 -2.530699 -1.348054 0.131753 -1.419543 0.799978 -0.520043 0.014607 1.636227 -1.815712 0.431335 -1.592969 -0.654409 -0.486729 1.467778 0.922731 -2.406904
-1.095145 -1.466727 -1.878863 0.242068 0.376126 0.819297 0.487423 0.412942 -1.286686 2.352449 -1.092957 -1.460565 2.107024 -2.295807 -1.150091 2.691856 -0.670707 -0.456242 1.416980 0.639196 1.064493 0.022810 -0.348669 -0.604035 0.759003 -1.590678 -0.006078 -0.176101 1.128717 0.706929 2.179786 1.774128 -2.424876 0.331432 0.164952 1.249961 1.459458 -0.839216 0.511319 -0.535641 -0.248467 -1.584036 -0.637383 0.179261 0.324251 1.145320 0.657891 -0.212706 2.560962 1.397497 -0.170671 1.514313 -0.920967 0.509417 -0.100591 -1.673533 1.860043 -0.394093 1.533700 0.631889 0.564790 -1.439312 -0.955357 2.411654
1.685313 2.235805 2.818561 -0.340879 -0.527485 -1.137453 -0.817071 -0.597934 1.901213 -3.521370 1.617973 2.247224 -2.295807 3.870120 1.582853 -3.955245 1.007109 0.681695 -2.015639 -0.961941 -1.597793 0.033247 0.482647 0.896031 -1.184998 2.386276 -0.042549 0.224268 -1.658481 -0.955204 -3.265887 -2.554649 3.690994 -0.463150 -0.416195 -1.836524 -2.137555 1.248963 -0.709878 0.818724 0.382980 2.164472 1.034751 -0.252803 -0.549195 -1.784460 -0.996435 0.322866 -3.751839 -2.024041 0.213406 -2.189334 1.289238 -0.763529 0.115577 2.499604 -2.797348 0.767121 -2.334275 -0.923322 -0.686604 2.150683 1.350149 -3.602353
0.863446 1.165511 1.322727 -0.171390 -0.219185 -0.607781 -0.268657 -0.306230 0.936760 -1.685666 0.862249 1.086344 -1.150091 1.582853 1.231563 -1.916251 0.514439 0.301671 -0.987955 -0.452840 -0.759525 0.008502 0.235319 0.393555 -0.574515 1.173987 -0.045296 0.153177 -0.763370 -0.604886 -1.512775 -1.218659 1.749030 -0.266204 -0.218458 -0.891636 -1.103007 0.561985 -0.382387 0.348706 0.147915 1.053103 0.445096 -0.097253 -0.191179 -0.849370 -0.383478 0.121986 -1.809889 -0.985021 0.078311 -1.059743 0.635297 -0.358423 0.083631 1.281818 -1.392467 0.416776 -1.075166 -0.469304 -0.322426 1.018779 0.649394 -1.703420
-2.063600 -2.733312 -3.296450 0.411153 0.607315 1.400176 0.832632 0.742550 -2.197301 4.123052 -1.891890 -2.671796 2.691856 -3.955245 -1.916251 5.273617 -1.253754 -0.793916 2.357014 1.092298 1.907995 0.056424 -0.499787 -0.955657 1.394367 -2.804923 -0.072433 -0.245831 1.875971 1.177179 3.913277 3.017023 -4.276706 0.617647 0.425750 2.268880 2.554003 -1.449122 0.871016 -0.876720 -0.378420 -2.572284 -1.157328 0.373342 0.545177 2.035061 1.125964 -0.407270 4.368678 2.388995 -0.333633 2.584712 -1.484182 0.870899 -0.068028 -2.992977 3.290134 -0.830967 2.805775 1.028192 0.864983 -2.531199 -1.606144 4.227114
0.612957 0.645789 0.864651 -0.083722 -0.233238 -0.346345 -0.185448 -0.220058 0.583784 -1.016973 0.481072 0.681494 -0.670707 1.007109 0.514439 -1.253754 0.876666 0.155387 -0.572786 -0.269646 -0.505183 0.061071 0.134294 0.229888 -0.313117 0.686215 -0.023476 0.001311 -0.519358 -0.322899 -0.945164 -0.783319 1.085979 -0.152562 -0.065752 -0.594002 -0.679932 0.430669 -0.178497 0.206059 0.131137 0.641994 0.296563 -0.061162 -0.195857 -0.514270 -0.315680 0.064647 -1.151332 -0.649460 0.055845 -0.711328 0.471942 -0.134148 0.054574 0.765572 -0.820043 0.264291 -0.693028 -0.271354 -0.236446 0.644907 0.393832 -1.090429
0.395503 0.481868 0.543542 -0.103820 -0.122339 -0.240973 -0.175776 -0.096299 0.376315 -0.707664 0.326915 0.449241 -0.456242 0.681695 0.301671 -0.793916 0.155387 0.795383 -0.395777 -0.071932 -0.261927 -0.092336 0.079441 0.167779 -0.199717 0.495655 -0.014842 0.004791 -0.387841 -0.235732 -0.643040 -0.516395 0.758452 -0.122391 -0.087616 -0.362335 -0.402151 0.243214 -0.134176 0.183104 0.071537 0.408180 0.225886 -0.032047 -0.098362 -0.327249 -0.138487 0.040498 -0.685193 -0.373030 0.066495 -0.430400 0.254071 -0.182369 0.035837 0.504541 -0.527605 0.092275 -0.524170 -0.180557 -0.116877 0.434221 0.265804 -0.789461
-0.995790 -1.320895 -1.701441 0.210381 0.308772 0.711955 0.421335 0.434940 -1.074625 2.098817 -1.004613 -1.368212 1.416980 -2.015639 -0.987955 2.357014 -0.572786 -0.395777 1.734994 0.585705 0.914766 0.071642 -0.302168 -0.454322 0.717468 -1.363625 0.101022 -0.140773 1.010250 0.582445 1.985734 1.504736 -2.223916 0.329850 0.211342 1.089934 1.318619 -0.732136 0.372228 -0.440202 -0.236313 -1.319572 -0.610092 0.158008 0.235278 1.074163 0.558522 -0.222564 2.174392 1.190677 -0.156158 1.237683 -0.795004 0.445282 -0.165276 -1.545229 1.759556 -0.421581 1.499483 0.570695 0.546663 -1.318299 -0.808396 2.107001
-0.579729 -0.615650 -0.762296 0.084259 0.162364 0.309077 0.187674 0.201894 -0.542860 0.964911 -0.429400 -0.667934 0.639196 -0.961941 -0.452840 1.092298 -0.269646 -0.071932 0.585705 0.829848 0.457932 -0.015374 -0.116642 -0.255931 0.271767 -0.726709 -0.005337 -0.052532 0.504481 0.285850 0.883461 0.722920 -1.116634 0.139901 0.157123 0.542862 0.577573 -0.375112 0.237411 -0.160449 -0.118235 -0.527420 -0.231539 0.081685 0.128222 0.507115 0.282864 -0.070292 1.002580 0.576223 -0.152582 0.559783 -0.413890 0.301503 0.025618 -0.713753 0.845692 -0.215095 0.647316 0.289563 0.242679 -0.583952 -0.387177 1.000857
-0.833650 -1.020650 -1.363876 0.129863 0.271145 0.530379 0.322662 0.345603 -0.882943 1.689903 -0.811185 -1.136275 1.064493 -1.597793 -0.759525 1.907995 -0.505183 -0.261927 0.914766 0.457932 1.301917 0.051927 -0.228887 -0.415585 0.505253 -1.155110 0.038770 -0.118626 0.855600 0.464012 1.634393 1.261325 -1.747084 0.232248 0.202829 0.835419 1.055881 -0.551151 0.313545 -0.383471 -0.115184 -1.068559 -0.425692 0.151044 0.170969 0.803808 0.475020 -0.134267 1.871039 0.966961 -0.135602 1.004578 -0.594660 0.325947 -0.038855 -1.225261 1.351213 -0.274858 1.159881 0.366822 0.365577 -0.997226 -0.665924 1.739849
-0.074254 -0.025185 -0.063356 0.003614 -0.005748 -0.030202 0.035601 -0.024425 0.002938 0.019700 -0.028813 -0.071297 0.022810 0.033247 0.008502 0.056424 0.061071 -0.092336 0.071642 -0.015374 0.051927 0.539289 -0.013119 0.002772 -0.013863 -0.078090 -0.054769 0.017183 -0.012607 0.007494 0.050486 0.046104 -0.036940 -0.012254 0.060479 0.058489 0.049298 0.015012 0.020101 -0.070263 -0.034716 -0.005224 -0.022884 0.044284 0.046651 -0.015633 0.097375 0.010483 0.131598 0.078391 -0.010562 0.040794 -0.059051 0.056174 -0.010212 -0.119172 0.031602 0.004421 -0.016228 0.104584 0.039538 -0.018052 -0.027950 0.044216
0.323301 0.322404 0.395992 -0.001394 -0.123148 -0.213123 -0.135079 -0.127385 0.252675 -0.505432 0.217193 0.394782 -0.348669 0.482647 0.235319 -0.499787 0.134294 0.079441 -0.302168 -0.116642 -0.228887 -0.013119 0.619593 0.118780 -0.186173 0.365433 0.060501 0.060415 -0.205293 -0.145089 -0.486827 -0.416037 0.524932 -0.135446 -0.057165 -0.244823 -0.306519 0.091074 -0.091089 0.085940 0.124503 0.287428 0.076824 -0.011682 -0.088702 -0.242895 -0.186529 0.096670 -0.488517 -0.311794 0.070969 -0.279621 0.178061 -0.082365 0.030672 0.354447 -0.347964 0.094896 -0.361889 -0.101267 -0.111463 0.295348 0.198277 -0.504458
0.465016 0.586404 0.698849 -0.115167 -0.143106 -0.379486 -0.191825 -0.152630 0.496289 -0.862144 0.393090 0.547799 -0.604035 0.896031 0.393555 -0.955657 0.229888 0.167779 -0.454322 -0.255931 -0.415585 0.002772 0.118780 0.661901 -0.357858 0.594748 -0.002371 0.067773 -0.385296 -0.275422 -0.768238 -0.616767 0.928123 -0.119935 -0.030876 -0.482214 -0.579965 0.348925 -0.213476 0.227540 0.051238 0.486860 0.303978 -0.071890 -0.058916 -0.367770 -0.269511 0.173171 -0.931352 -0.526786 0.122418 -0.528905 0.329160 -0.185714 0.020151 0.608228 -0.683374 0.206931 -0.559118 -0.212410 -0.174916 0.510530 0.259767 -0.931191
-0.632958 -0.740779 -1.046419 0.068172 0.159273 0.387106 0.278129 0.141662 -0.605842 1.105506 -0.575061 -0.740961 0.759003 -1.184998 -0.574515 1.394367 -0.313117 -0.199717 0.717468 0.271767 0.505253 -0.013863 -0.186173 -0.357858 0.998156 -0.786107 0.058124 -0.077527 0.522519 0.328333 1.114561 0.874928 -1.207089 0.237911 0.173488 0.557246 0.742527 -0.389603 0.267228 -0.210977 -0.090094 -0.741476 -0.312774 0.049195 0.240512 0.577576 0.309499 -0.074823 1.278344 0.633466 -0.070800 0.720751 -0.421334 0.226499 -0.051837 -0.804312 0.977248 -0.253973 0.842445 0.316552 0.247975 -0.681942 -0.419472 1.235733
1.276745 1.553135 1.938888 -0.270916 -0.389403 -0.812237 -0.502642 -0.437284 1.282830 -2.468509 1.227183 1.554375 -1.590678 2.386276 1.173987 -2.804923 0.686215 0.495655 -1.363625 -0.726709 -1.155110 -0.078090 0.365433 0.594748 -0.786107 2.212791 0.052053 0.135349 -1.091928 -0.706407 -2.340345 -1.768809 2.548907 -0.394648 -0.184021 -1.211401 -1.546998 0.843837 -0.489000 0.567133 0.235662 1.530127 0.690073 -0.206089 -0.351598 -1.260192 -0.692906 0.269846 -2.670985 -1.384025 0.160340 -1.475520 0.886954 -0.546983 0.084217 1.732424 -1.972100 0.496400 -1.657130 -0.619668 -0.524215 1.572436 0.941974 -2.505234
0.018725 -0.039349 -0.007575 -0.012323 0.015936 -0.001250 0.018046 0.014439 -0.021588 0.031856 -0.004692 -0.043325 -0.006078 -0.042549 -0.045296 -0.072433 -0.023476 -0.014842 0.101022 -0.005337 0.038770 -0.054769 0.060501 -0.002371 0.058124 0.052053 0.553715 -0.029920 -0.010935 -0.014912 0.058057 0.051064 -0.009606 0.023240 -0.043923 0.036294 -0.032700 0.000731 0.046848 0.027570 0.034543 -0.000205 0.033536 0.010513 0.009498 0.002893 0.012278 -0.018592 0.084616 0.078965 -0.027748 -0.011069 -0.046956 -0.052935 0.026284 0.032147 -0.008762 -0.027070 0.033057 0.033772 -0.024949 -0.067631 0.011465 0.058900
0.154055 0.210741 0.234587 -0.038174 -0.078051 -0.026774 -0.016225 -0.069139 0.182723 -0.273142 0.112906 0.111382 -0.176101 0.224268 0.153177 -0.245831 0.001311 0.004791 -0.140773 -0.052532 -0.118626 0.017183 0.060415 0.067773 -0.077527 0.135349 -0.029920 0.594233 -0.173871 -0.038644 -0.246948 -0.176592 0.282501 0.010120 -0.071480 -0.166628 -0.114329 0.097835 -0.043969 0.068375 0.066678 0.202224 0.150539 -0.057660 -0.092103 -0.110071 -0.037873 0.007843 -0.256134 -0.171249 0.047937 -0.093779 0.114026 -0.032914 -0.035553 0.165138 -0.192613 0.014414 -0.246949 -0.080961 -0.032243 0.153083 0.088727 -0.245738
-0.870528 -1.036088 -1.341335 0.209985 0.296913 0.629384 0.375519 0.330227 -0.902866 1.667431 -0.778807 -1.151026 1.128717 -1.658481 -0.763370 1.875971 -0.519358 -0.387841 1.010250 0.504481 0.855600 -0.012607 -0.205293 -0.385296 0.522519 -1.091928 -0.010935 -0.173871 1.325571 0.543995 1.591983 1.203267 -1.720602 0.257206 0.187250 0.895043 1.003096 -0.652119 0.419307 -0.363143 -0.182715 -1.046129 -0.467668 0.136890 0.240321 0.869293 0.447869 -0.121399 1.763564 0.906206 -0.107704 1.071062 -0.579539 0.347680 -0.083564 -1.233763 1.343089 -0.379082 1.096002 0.462558 0.336938 -1.075523 -0.607717 1.755532
-0.481802 -0.615182 -0.848630 0.080760 0.152749 0.369502 0.229872 0.143527 -0.578248 1.070990 -0.485843 -0.664004 0.706929 -0.955204 -0.604886 1.177179 -0.322899 -0.235732 0.582445 0.285850 0.464012 0.007494 -0.145089 -0.275422 0.328333 -0.706407 -0.014912 -0.038644 0.543995 0.843852 1.055869 0.759951 -0.974175 0.184303 0.038617 0.509530 0.689418 -0.337091 0.134075 -0.254178 -0.095965 -0.616510 -0.370877 0.105046 0.101941 0.500785 0.249318 -0.086789 1.073330 0.620765 -0.081626 0.629786 -0.376073 0.248763 0.049710 -0.679938 0.823504 -0.235058 0.680075 0.361822 0.158417 -0.629639 -0.366056 1.050250
-1.746782 -2.230685 -2.703596 0.310331 0.486601 1.129752 0.763242 0.661500 -1.816056 3.398580 -1.567132 -2.138112 2.179786 -3.265887 -1.512775 3.913277 -0.945164 -0.643040 1.985734 0.883461 1.634393 0.050486 -0.486827 -0.768238 1.114561 -2.340345 0.058057 -0.246948 1.591983 1.055869 3.783952 2.474288 -3.601123 0.538873 0.265899 1.861553 2.122262 -1.318801 0.665104 -0.763558 -0.293245 -2.112693 -0.985081 0.297915 0.458317 1.752406 0.905071 -0.381027 3.661910 1.948422 -0.207022 2.108229 -1.204829 0.691573 -0.084303 -2.539753 2.760587 -0.668825 2.237775 0.934679 0.738242 -2.087804 -1.349041 3.454012
-1.361334 -1.762096 -2.110321 0.255062 0.451388 0.851651 0.599128 0.515837 -1.456971 2.717450 -1.186001 -1.729271 1.774128 -2.554649 -1.218659 3.017023 -0.783319 -0.516395 1.504736 0.722920 1.261325 0.046104 -0.416037 -0.616767 0.874928 -1.768809 0.051064 -0.176592 1.203267 0.759951 2.474288 2.448628 -2.714470 0.387456 0.248115 1.421521 1.696302 -0.956994 0.594815 -0.583365 -0.280055 -1.647774 -0.770421 0.230718 0.349526 1.402123 0.773098 -0.192315 2.868094 1.474840 -0.175588 1.611497 -1.044419 0.643844 -0.033332 -1.896611 2.086830 -0.528467 1.842575 0.626211 0.510919 -1.673808 -1.080524 2.677203
1.937106 2.435446 3.013899 -0.376149 -0.536404 -1.278658 -0.736195 -0.740515 1.999821 -3.820458 1.756193 2.432144 -2.424876 3.690994 1.749030 -4.276706 1.085979 0.758452 -2.223916 -1.116634 -1.747084 -0.036940 0.524932 0.928123 -1.207089 2.548907 -0.009606 0.282501 -1.720602 -0.974175 -3.601123 -2.714470 4.435499 -0.552878 -0.304191 -2.025876 -2.425662 1.351202 -0.793740 0.806577 0.296114 2.357222 1.081720 -0.307951 -0.535837 -1.828593 -0.997658 0.358885 -4.018539 -2.170044 0.245195 -2.328791 1.453687 -0.796127 0.120978 2.628123 -3.001973 0.762776 -2.517208 -0.994987 -0.857019 2.296225 1.455707 -3.816232
-0.298037 -0.350824 -0.431962 0.110639 0.079483 0.121659 0.079313 0.138033 -0.342398 0.592297 -0.203843 -0.324289 0.331432 -0.463150 -0.266204 0.617647 -0.152562 -0.122391 0.329850 0.139901 0.232248 -0.012254 -0.135446 -0.119935 0.237911 -0.394648 0.023240 0.010120 0.257206 0.184303 0.538873 0.387456 -0.552878 0.613385 0.049971 0.277626 0.313278 -0.238099 0.131148 -0.015410 -0.014515 -0.340029 -0.183304 -0.004834 0.028680 0.240184 0.207002 -0.070183 0.551721 0.266454 0.004039 0.327757 -0.181043 0.151622 -0.067431 -0.362984 0.402113 -0.092887 0.338467 0.077314 0.150996 -0.347881 -0.179143 0.588303
-0.132482 -0.191279 -0.304860 0.002337 0.018904 0.152230 0.074065 0.023425 -0.189374 0.415636 -0.166303 -0.230229 0.164952 -0.416195 -0.218458 0.425750 -0.065752 -0.087616 0.211342 0.157123 0.202829 0.060479 -0.057165 -0.030876 0.173488 -0.184021 -0.043923 -0.071480 0.187250 0.038617 0.265899 0.248115 -0.304191 0.049971 0.589437 0.230991 0.249672 -0.154763 0.041972 -0.027005 -0.028997 -0.187487 -0.117998 0.008902 0.063948 0.185752 0.130438 -0.026307 0.371901 0.224287 -0.015598 0.223508 -0.061762 0.030966 0.022747 -0.282629 0.245267 -0.041700 0.188275 0.061839 0.042889 -0.233621 -0.131752 0.325711
-0.979584 -1.277660 -1.541029 0.198527 0.289499 0.712538 0.478385 0.324645 -1.063176 1.916949 -0.942113 -1.243797 1.249961 -1.836524 -0.891636 2.268880 -0.594002 -0.362335 1.089934 0.542862 0.835419 0.058489 -0.244823 -0.482214 0.557246 -1.211401 0.036294 -0.166628 0.895043 0.509530 1.861553 1.421521 -2.025876 0.277626 0.230991 1.548231 1.207878 -0.586820 0.418166 -0.412448 -0.175656 -1.235708 -0.583867 0.192206 0.288785 0.882865 0.568325 -0.198596 2.005081 1.079689 -0.090813 1.216230 -0.759114 0.478359 -0.015822 -1.377301 1.588016 -0.429748 1.320787 0.438075 0.378056 -1.182283 -0.722070 1.961856
-1.107288 -1.428260 -1.802176 0.258829 0.326257 0.786758 0.485693 0.500937 -1.296141 2.221207 -1.089804 -1.455646 1.459458 -2.137555 -1.103007 2.554003 -0.679932 -0.402151 1.318619 0.577573 1.055881 0.049298 -0.306519 -0.579965 0.742527 -1.546998 -0.032700 -0.114329 1.003096 0.689418 2.122262 1.696302 -2.425662 0.313278 0.249672 1.207878 2.029089 -0.866205 0.492167 -0.529900 -0.228148 -1.422722 -0.618834 0.158279 0.335695 1.126446 0.631725 -0.216443 2.416290 1.237293 -0.154945 1.411258 -0.820827 0.512578 -0.043388 -1.584969 1.774398 -0.386682 1.481030 0.607870 0.471626 -1.375992 -0.849158 2.357074
0.695906 0.815967 1.069477 -0.075625 -0.172916 -0.460313 -0.227922 -0.265019 0.746660 -1.249509 0.575893 0.835868 -0.839216 1.248963 0.561985 -1.449122 0.430669 0.243214 -0.732136 -0.375112 -0.551151 0.015012 0.091074 0.348925 -0.389603 0.843837 0.000731 0.097835 -0.652119 -0.337091 -1.318801 -0.956994 1.351202 -0.238099 -0.154763 -0.586820 -0.866205 0.974341 -0.236220 0.287848 0.153527 0.772251 0.417155 -0.155251 -0.170592 -0.652782 -0.335797 0.105774 -1.402607 -0.714543 0.137607 -0.811292 0.441082 -0.289545 0.110456 0.949532 -1.031968 0.165804 -0.816761 -0.371037 -0.229878 0.834363 0.474025 -1.357634
-0.402830 -0.525309 -0.583015 0.035747 0.038045 0.283268 0.190858 0.181372 -0.391661 0.771746 -0.374628 -0.448442 0.511319 -0.709878 -0.382387 0.871016 -0.178497 -0.134176 0.372228 0.237411 0.313545 0.020101 -0.091089 -0.213476 0.267228 -0.489000 0.046848 -0.043969 0.419307 0.134075 0.665104 0.594815 -0.793740 0.131148 0.041972 0.418166 0.492167 -0.236220 0.749629 -0.157751 -0.061713 -0.496866 -0.199950 0.143437 0.095773 0.374264 0.189007 -0.104897 0.833651 0.379630 -0.120157 0.452345 -0.248327 0.091418 -0.040971 -0.520266 0.601179 -0.162652 0.488066 0.245694 0.158068 -0.468897 -0.217039 0.774442
0.300763 0.472511 0.625493 -0.075888 -0.130841 -0.283122 -0.146767 -0.128575 0.413578 -0.792544 0.368118 0.447020 -0.535641 0.818724 0.348706 -0.876720 0.206059 0.183104 -0.440202 -0.160449 -0.383471 -0.070263 0.085940 0.227540 -0.210977 0.567133 0.027570 0.068375 -0.363143 -0.254178 -0.763558 -0.583365 0.806577 -0.015410 -0.027005 -0.412448 -0.529900 0.287848 -0.157751 0.655716 0.120630 0.509005 0.206005 -0.049225 -0.091107 -0.328681 -0.225408 0.072325 -0.763968 -0.379051 0.022177 -0.422903 0.283696 -0.151975 -0.031363 0.560062 -0.628677 0.184062 -0.502594 -0.224980 -0.228843 0.494244 0.214153 -0.796589
0.204188 0.226911 0.248663 -0.030542 -0.069510 -0.039964 -0.069943 -0.051967 0.184294 -0.295011 0.107400 0.236384 -0.248467 0.382980 0.147915 -0.378420 0.131137 0.071537 -0.236313 -0.118235 -0.115184 -0.034716 0.124503 0.051238 -0.090094 0.235662 0.034543 0.066678 -0.182715 -0.095965 -0.293245 -0.280055 0.296114 -0.014515 -0.028997 -0.175656 -0.228148 0.153527 -0.061713 0.120630 0.585437 0.244937 0.037987 -0.059015 -0.025619 -0.178487 -0.064338 0.035537 -0.309360 -0.198351 0.047910 -0.261646 0.051069 -0.054510 0.026823 0.168004 -0.245233 0.079254 -0.249957 -0.096895 -0.105684 0.195319 0.132398 -0.349924
1.213380 1.349449 1.803145 -0.211822 -0.387441 -0.761075 -0.428422 -0.378871 1.240810 -2.276753 1.058020 1.527748 -1.584036 2.164472 1.053103 -2.572284 0.641994 0.408180 -1.319572 -0.527420 -1.068559 -0.005224 0.287428 0.486860 -0.741476 1.530127 -0.000205 0.202224 -1.046129 -0.616510 -2.112693 -1.647774 2.357222 -0.340029 -0.187487 -1.235708 -1.422722 0.772251 -0.496866 0.509005 0.244937 1.949407 0.596759 -0.202072 -0.319793 -1.101338 -0.601016 0.212060 -2.419108 -1.248363 0.120185 -1.365673 0.815215 -0.483704 0.018248 1.651021 -1.848308 0.459350 -1.491189 -0.555214 -0.464513 1.439906 0.868455 -2.301417
0.523302 0.733516 0.843281 -0.159232 -0.145926 -0.349533 -0.270579 -0.223082 0.546475 -1.063904 0.417042 0.671431 -0.637383 1.034751 0.445096 -1.157328 0.296563 0.225886 -0.610092 -0.231539 -0.425692 -0.022884 0.076824 0.303978 -0.312774 0.690073 0.033536 0.150539 -0.467668 -0.370877 -0.985081 -0.770421 1.081720 -0.183304 -0.117998 -0.583867 -0.618834 0.417155 -0.199950 0.206005 0.037987 0.596759 0.779552 -0.062822 -0.125005 -0.498447 -0.265007 0.071005 -1.155128 -0.621580 0.079434 -0.618728 0.422060 -0.219665 0.050995 0.729159 -0.790613 0.191921 -0.641898 -0.241398 -0.264059 0.639156 0.461107 -0.972175
-0.123034 -0.212009 -0.288747 0.063442 0.059600 0.091672 0.051262 -0.036047 -0.120263 0.236174 -0.146439 -0.124450 0.179261 -0.252803 -0.097253 0.373342 -0.061162 -0.032047 0.158008 0.081685 0.151044 0.044284 -0.011682 -0.071890 0.049195 -0.206089 0.010513 -0.057660 0.136890 0.105046 0.297915 0.230718 -0.307951 -0.004834 0.008902 0.192206 0.158279 -0.155251 0.143437 -0.049225 -0.059015 -0.202072 -0.062822 0.579325 0.024128 0.111606 0.048987 0.001139 0.283422 0.166944 -0.006908 0.149705 -0.132330 0.066625 -0.017049 -0.236295 0.191338 0.014092 0.193633 0.030461 0.081591 -0.152096 -0.080105 0.340414
-0.206490 -0.364945 -0.288195 -0.004294 0.134934 0.206039 0.099386 0.083723 -0.319303 0.453680 -0.253140 -0.240869 0.324251 -0.549195 -0.191179 0.545177 -0.195857 -0.098362 0.235278 0.128222 0.170969 0.046651 -0.088702 -0.058916 0.240512 -0.351598 0.009498 -0.092103 0.240321 0.101941 0.458317 0.349526 -0.535837 0.028680 0.063948 0.288785 0.335695 -0.170592 0.095773 -0.091107 -0.025619 -0.319793 -0.125005 0.024128 0.594155 0.285924 0.075913 -0.020548 0.586615 0.310967 -0.100388 0.352532 -0.208445 0.153919 -0.005537 -0.298028 0.443024 -0.048738 0.277089 0.145701 0.085915 -0.314594 -0.222958 0.544959
-0.916861 -1.215794 -1.427182 0.181112 0.296966 0.653538 0.366041 0.342169 -0.932619 1.841164 -0.865815 -1.153646 1.145320 -1.784460 -0.849370 2.035061 -0.514270 -0.327249 1.074163 0.507115 0.803808 -0.015633 -0.242895 -0.367770 0.577576 -1.260192 0.002893 -0.110071 0.869293 0.500785 1.752406 1.402123 -1.828593 0.240184 0.185752 0.882865 1.126446 -0.652782 0.374264 -0.328681 -0.178487 -1.101338 -0.498447 0.111606 0.285924 1.495995 0.484270 -0.179636 1.855505 1.037971 -0.074312 1.099822 -0.700263 0.352100 0.039607 -1.335300 1.401685 -0.336822 1.208769 0.473596 0.351572 -1.146712 -0.655340 1.833959
-0.469579 -0.637180 -0.682541 0.127779 0.168027 0.359841 0.167528 0.235940 -0.556995 0.948467 -0.458975 -0.613792 0.657891 -0.996435 -0.383478 1.125964 -0.315680 -0.138487 0.558522 0.282864 0.475020 0.097375 -0.186529 -0.269511 0.309499 -0.692906 0.012278 -0.037873 0.447869 0.249318 0.905071 0.773098 -0.997658 0.207002 0.130438 0.568325 0.631725 -0.335797 0.189007 -0.225408 -0.064338 -0.601016 -0.265007 0.048987 0.075913 0.484270 0.690961 -0.108252 1.021455 0.620571 -0.064260 0.537539 -0.404797 0.191871 -0.028341 -0.726204 0.821133 -0.178900 0.647051 0.246039 0.128526 -0.607399 -0.367412 0.982855
0.138101 0.224282 0.313862 -0.018251 -0.027189 -0.115716 -0.073655 -0.085037 0.237666 -0.412930 0.186863 0.287902 -0.212706 0.322866 0.121986 -0.407270 0.064647 0.040498 -0.222564 -0.070292 -0.134267 0.010483 0.096670 0.173171 -0.074823 0.269846 -0.018592 0.007843 -0.121399 -0.086789 -0.381027 -0.192315 0.358885 -0.070183 -0.026307 -0.198596 -0.216443 0.105774 -0.104897 0.072325 0.035537 0.212060 0.071005 0.001139 -0.020548 -0.179636 -0.108252 0.552881 -0.347383 -0.210679 0.001914 -0.216489 0.183544 -0.042847 -0.031337 0.321426 -0.281823 0.031654 -0.256988 -0.052175 -0.036527 0.155764 0.118148 -0.382220
-1.961705 -2.456194 -3.016815 0.427822 0.554138 1.295725 0.818712 0.731494 -2.107717 3.890257 -1.779190 -2.530699 2.560962 -3.751839 -1.809889 4.368678 -1.151332 -0.685193 2.174392 1.002580 1.871039 0.131598 -0.488517 -0.931352 1.278344 -2.670985 0.084616 -0.256134 1.763564 1.073330 3.661910 2.868094 -4.018539 0.551721 0.371901 2.005081 2.416290 -1.402607 0.833651 -0.763968 -0.309360 -2.419108 -1.155128 0.283422 0.586615 1.855505 1.021455 -0.347383 4.586734 2.250558 -0.264256 2.482709 -1.410299 0.883756 -0.142334 -2.801507 3.086307 -0.778060 2.593356 1.083050 0.837687 -2.418937 -1.509443 3.895012
-1.066295 -1.376744 -1.655466 0.294092 0.300229 0.699503 0.421460 0.451212 -1.115594 2.083229 -0.991034 -1.348054 1.397497 -2.024041 -0.985021 2.388995 -0.649460 -0.373030 1.190677 0.576223 0.966961 0.078391 -0.311794 -0.526786 0.633466 -1.384025 0.078965 -0.171249 0.906206 0.620765 1.948422 1.474840 -2.170044 0.266454 0.224287 1.079689 1.237293 -0.714543 0.379630 -0.379051 -0.198351 -1.248363 -0.621580 0.166944 0.310967 1.037971 0.620571 -0.210679 2.250558 1.684183 -0.132737 1.336338 -0.747328 0.351177 -0.061537 -1.455452 1.674404 -0.420400 1.351875 0.555411 0.423345 -1.275556 -0.727055 2.186797
0.136632 0.093553 0.154125 -0.019663 -0.006856 -0.077288 -0.037375 -0.087227 0.176516 -0.189831 0.136238 0.131753 -0.170671 0.213406 0.078311 -0.333633 0.055845 0.066495 -0.156158 -0.152582 -0.135602 -0.010562 0.070969 0.122418 -0.070800 0.160340 -0.027748 0.047937 -0.107704 -0.081626 -0.207022 -0.175588 0.245195 0.004039 -0.015598 -0.090813 -0.154945 0.137607 -0.120157 0.022177 0.047910 0.120185 0.079434 -0.006908 -0.100388 -0.074312 -0.064260 0.001914 -0.264256 -0.132737 0.591225 -0.069331 0.085155 -0.022191 -0.017358 0.178529 -0.114623 0.091691 -0.237340 -0.064217 -0.030084 0.161491 0.170905 -0.228561
-1.128568 -1.427680 -1.828990 0.186572 0.279023 0.763774 0.452557 0.425021 -1.237996 2.224930 -1.094473 -1.419543 1.514313 -2.189334 -1.059743 2.584712 -0.711328 -0.430400 1.237683 0.559783 1.004578 0.040794 -0.279621 -0.528905 0.720751 -1.475520 -0.011069 -0.093779 1.071062 0.629786 2.108229 1.611497 -2.328791 0.327757 0.223508 1.216230 1.411258 -0.811292 0.452345 -0.422903 -0.261646 -1.365673 -0.618728 0.149705 0.352532 1.099822 0.537539 -0.216489 2.482709 1.336338 -0.069331 1.953150 -0.861580 0.526933 -0.046407 -1.573317 1.786647 -0.491046 1.569365 0.583567 0.506302 -1.407539 -0.848824 2.288609
0.689634 0.811705 1.116161 -0.132609 -0.184527 -0.458299 -0.273482 -0.174619 0.709443 -1.338672 0.646034 0.799978 -0.920967 1.289238 0.635297 -1.484182 0.471942 0.254071 -0.795004 -0.413890 -0.594660 -0.059051 0.178061 0.329160 -0.421334 0.886954 -0.046956 0.114026 -0.579539 -0.376073 -1.204829 -1.044419 1.453687 -0.181043 -0.061762 -0.759114 -0.820827 0.441082 -0.248327 0.283696 0.051069 0.815215 0.422060 -0.132330 -0.208445 -0.700263 -0.404797 0.183544 -1.410299 -0.747328 0.085155 -0.861580 1.051094 -0.260324 0.079140 1.041669 -1.012547 0.234270 -0.919874 -0.358103 -0.302299 0.866201 0.499043 -1.394102
-0.389131 -0.502600 -0.647077 0.070949 0.127949 0.258098 0.149018 0.179504 -0.502196 0.810340 -0.310438 -0.520043 0.509417 -0.763529 -0.358423 0.870899 -0.134148 -0.182369 0.445282 0.301503 0.325947 0.056174 -0.082365 -0.185714 0.226499 -0.546983 -0.052935 -0.032914 0.347680 0.248763 0.691573 0.643844 -0.796127 0.151622 0.030966 0.478359 0.512578 -0.289545 0.091418 -0.151975 -0.054510 -0.483704 -0.219665 0.066625 0.153919 0.352100 0.191871 -0.042847 0.883756 0.351177 -0.022191 0.526933 -0.260324 0.660682 -0.060546 -0.574550 0.626699 -0.149931 0.554506 0.199954 0.184719 -0.456854 -0.315831 0.857960
-0.015550 0.125914 0.033435 0.029130 -0.005119 -0.013523 -0.007797 0.023925 0.014051 -0.114504 0.028308 0.014607 -0.100591 0.115577 0.083631 -0.068028 0.054574 0.035837 -0.165276 0.025618 -0.038855 -0.010212 0.030672 0.020151 -0.051837 0.084217 0.026284 -0.035553 -0.083564 0.049710 -0.084303 -0.033332 0.120978 -0.067431 0.022747 -0.015822 -0.043388 0.110456 -0.040971 -0.031363 0.026823 0.018248 0.050995 -0.017049 -0.005537 0.039607 -0.028341 -0.031337 -0.142334 -0.061537 -0.017358 -0.046407 0.079140 -0.060546 0.466443 0.172405 -0.160993 0.012970 -0.097004 -0.012039 0.044532 0.066235 0.056878 -0.160546
1.315810 1.706774 2.055570 -0.285501 -0.374047 -0.895286 -0.551665 -0.433441 1.420768 -2.547904 1.232288 1.636227 -1.673533 2.499604 1.281818 -2.992977 0.765572 0.504541 -1.545229 -0.713753 -1.225261 -0.119172 0.354447 0.608228 -0.804312 1.732424 0.032147 0.165138 -1.233763 -0.679938 -2.539753 -1.896611 2.628123 -0.362984 -0.282629 -1.377301 -1.584969 0.949532 -0.520266 0.560062 0.168004 1.651021 0.729159 -0.236295 -0.298028 -1.335300 -0.726204 0.321426 -2.801507 -1.455452 0.178529 -1.573317 1.041669 -0.574550 0.172405 2.378476 -2.081596 0.560877 -1.716811 -0.733625 -0.566371 1.560855 0.969567 -2.639758
-1.568263 -1.898577 -2.315140 0.304017 0.484385 0.926400 0.619137 0.536476 -1.583484 2.954580 -1.391789 -1.815712 1.860043 -2.797348 -1.392467 3.290134 -0.820043 -0.527605 1.759556 0.845692 1.351213 0.031602 -0.347964 -0.683374 0.977248 -1.972100 -0.008762 -0.192613 1.343089 0.823504 2.760587 2.086830 -3.001973 0.402113 0.245267 1.588016 1.774398 -1.031968 0.601179 -0.628677 -0.245233 -1.848308 -0.790613 0.191338 0.443024 1.401685 0.821133 -0.281823 3.086307 1.674404 -0.114623 1.786647 -1.012547 0.626699 -0.160993 -2.081596 2.901079 -0.494400 1.937275 0.798121 0.565201 -1.829179 -1.094545 2.930120
0.367502 0.484856 0.510791 -0.092062 -0.086263 -0.206496 -0.141465 -0.168349 0.379507 -0.743500 0.278338 0.431335 -0.394093 0.767121 0.416776 -0.830967 0.264291 0.092275 -0.421581 -0.215095 -0.274858 0.004421 0.094896 0.206931 -0.253973 0.496400 -0.027070 0.014414 -0.379082 -0.235058 -0.668825 -0.528467 0.762776 -0.092887 -0.041700 -0.429748 -0.386682 0.165804 -0.162652 0.184062 0.079254 0.459350 0.191921 0.014092 -0.048738 -0.336822 -0.178900 0.031654 -0.778060 -0.420400 0.091691 -0.491046 0.234270 -0.149931 0.012970 0.560877 -0.494400 0.659347 -0.451411 -0.232984 -0.161823 0.457954 0.244204 -0.678022
-1.196156 -1.520724 -1.854347 0.261957 0.390039 0.808159 0.492766 0.536871 -1.357049 2.434768 -1.155022 -1.592969 1.533700 -2.334275 -1.075166 2.805775 -0.693028 -0.524170 1.499483 0.647316 1.159881 -0.016228 -0.361889 -0.559118 0.842445 -1.657130 0.033057 -0.246949 1.096002 0.680075 2.237775 1.842575 -2.517208 0.338467 0.188275 1.320787 1.481030 -0.816761 0.488066 -0.502594 -0.249957 -1.491189 -0.641898 0.193633 0.277089 1.208769 0.647051 -0.256988 2.593356 1.351875 -0.237340 1.569365 -0.919874 0.554506 -0.097004 -1.716811 1.937275 -0.451411 2.158036 0.659231 0.495863 -1.463978 -0.935476 2.445001
-0.516807 -0.630085 -0.790835 0.110596 0.202319 0.318864 0.240387 0.147024 -0.486066 0.992949 -0.423834 -0.654409 0.631889 -0.923322 -0.469304 1.028192 -0.271354 -0.180557 0.570695 0.289563 0.366822 0.104584 -0.101267 -0.212410 0.316552 -0.619668 0.033772 -0.080961 0.462558 0.361822 0.934679 0.626211 -0.994987 0.077314 0.061839 0.438075 0.607870 -0.371037 0.245694 -0.224980 -0.096895 -0.555214 -0.241398 0.030461 0.145701 0.473596 0.246039 -0.052175 1.083050 0.555411 -0.064217 0.583567 -0.358103 0.199954 -0.012039 -0.733625 0.798121 -0.232984 0.659231 0.794404 0.164655 -0.587171 -0.408518 1.020834
-0.373050 -0.496061 -0.545461 0.112345 0.129353 0.295153 0.211325 0.120894 -0.471018 0.760489 -0.364026 -0.486729 0.564790 -0.686604 -0.322426 0.864983 -0.236446 -0.116877 0.546663 0.242679 0.365577 0.039538 -0.111463 -0.174916 0.247975 -0.524215 -0.024949 -0.032243 0.336938 0.158417 0.738242 0.510919 -0.857019 0.150996 0.042889 0.378056 0.471626 -0.229878 0.158068 -0.228843 -0.105684 -0.464513 -0.264059 0.081591 0.085915 0.351572 0.128526 -0.036527 0.837687 0.423345 -0.030084 0.506302 -0.302299 0.184719 0.044532 -0.566371 0.565201 -0.161823 0.495863 0.164655 0.835671 -0.506226 -0.346211 0.832635
1.156914 1.452457 1.755526 -0.190379 -0.343925 -0.762104 -0.501848 -0.431175 1.169269 -2.266251 1.110077 1.467778 -1.439312 2.150683 1.018779 -2.531199 0.644907 0.434221 -1.318299 -0.583952 -0.997226 -0.018052 0.295348 0.510530 -0.681942 1.572436 -0.067631 0.153083 -1.075523 -0.629639 -2.087804 -1.673808 2.296225 -0.347881 -0.233621 -1.182283 -1.375992 0.834363 -0.468897 0.494244 0.195319 1.439906 0.639156 -0.152096 -0.314594 -1.146712 -0.607399 0.155764 -2.418937 -1.275556 0.161491 -1.407539 0.866201 -0.456854 0.066235 1.560855 -1.829179 0.457954 -1.463978 -0.587171 -0.506226 2.060131 0.835918 -2.248183
0.722531 0.919797 1.119216 -0.110464 -0.170658 -0.461074 -0.297559 -0.256854 0.750485 -1.451834 0.697601 0.922731 -0.955357 1.350149 0.649394 -1.606144 0.393832 0.265804 -0.808396 -0.387177 -0.665924 -0.027950 0.198277 0.259767 -0.419472 0.941974 0.011465 0.088727 -0.607717 -0.366056 -1.349041 -1.080524 1.455707 -0.179143 -0.131752 -0.722070 -0.849158 0.474025 -0.217039 0.214153 0.132398 0.868455 0.461107 -0.080105 -0.222958 -0.655340 -0.367412 0.118148 -1.509443 -0.727055 0.170905 -0.848824 0.499043 -0.315831 0.056878 0.969567 -1.094545 0.244204 -0.935476 -0.408518 -0.346211 0.835918 1.111074 -1.469086
-1.918660 -2.385413 -2.916733 0.385680 0.568112 1.226594 0.738882 0.691943 -2.014403 3.786546 -1.733527 -2.406904 2.411654 -3.602353 -1.703420 4.227114 -1.090429 -0.789461 2.107001 1.000857 1.739849 0.044216 -0.504458 -0.931191 1.235733 -2.505234 0.058900 -0.245738 1.755532 1.050250 3.454012 2.677203 -3.816232 0.588303 0.325711 1.961856 2.357074 -1.357634 0.774442 -0.796589 -0.349924 -2.301417 -0.972175 0.340414 0.544959 1.833959 0.982855 -0.382220 3.895012 2.186797 -0.228561 2.288609 -1.394102 0.857960 -0.160546 -2.639758 2.930120 -0.678022 2.445001 1.020834 0.832635 -2.248183 -1.469086 4.364372
