0.188029
0.329627
0.027630
0.746429
0.173482
0.810282
0.670327
0.265272
0.403008
0.939454
0.859780
0.314049
0.454737
0.593929
0.521917
0.693373
0.109817
0.990372
0.978230
0.304132
0.175238
0.013083
0.154068
0.560703
0.503985
0.423778
0.046842
0.706082
0.205913
0.100913
0.299775
0.793364
0.500871
0.749173
0.441431
0.328521
0.308907
0.880003
0.129737
0.723295
0.089378
0.675862
0.229691
0.805577
0.561513
0.587073
0.672252
0.995306
0.869805
0.721994
0.254778
0.564868
0.791578
0.599861
0.588480
0.871072
0.604889
0.237173
0.821537
0.826037
0.278452
0.749840
0.089252
0.018897
